concord_type0 r2_type0
1.000 0.980
0.933 0.644
0.989 0.933
0.956 0.591
0.933 0.726
1.000 0.980
0.922 0.658
0.989 0.933
0.944 0.631
0.933 0.728
0.956 0.590
1.000 0.917
0.978 0.761
0.978 0.761
0.989 0.792
0.956 0.590
0.967 0.790
0.944 0.725
0.967 0.791
0.922 0.659
1.000 0.983
0.933 0.635
0.922 0.684
0.933 0.704
0.967 0.791
0.956 0.000
0.878 0.426
0.978 0.761
1.000 0.981
0.967 -1.000
0.944 0.736
1.000 0.980
0.956 0.589
0.956 0.002
0.967 0.764
1.000 0.980
0.944 0.725
0.989 0.726
0.989 0.933
1.000 0.980
1.000 0.981
0.944 0.725
0.989 0.882
1.000 0.980
0.967 0.768
0.978 0.852
0.956 0.615
1.000 0.980
0.978 0.778
0.978 0.628
0.878 0.425
1.000 0.917
0.989 0.792
0.978 0.761
0.989 0.933
0.967 0.766
0.978 0.698
0.967 0.790
0.967 0.791
0.989 0.857
0.933 0.698
1.000 0.980
1.000 0.981
0.978 0.770
1.000 0.917
0.989 0.933
1.000 0.981
0.933 0.698
1.000 0.918
0.967 0.791
0.967 0.791
0.989 0.933
0.989 0.726
0.956 0.614
0.989 0.933
1.000 0.980
0.944 0.725
0.922 0.684
0.944 0.737
0.989 0.769
0.967 0.791
1.000 0.980
0.967 0.791
0.978 0.808
0.944 0.737
0.956 0.591
1.000 0.980
0.944 0.725
1.000 0.918
0.989 0.793
1.000 0.981
0.867 0.397
0.989 0.792
1.000 0.917
0.989 0.793
0.933 0.668
0.922 0.685
0.944 0.725
0.956 0.729
0.922 0.685
0.944 0.725
0.989 0.857
0.978 0.625
0.944 0.725
0.989 0.933
1.000 0.917
0.989 0.896
0.978 0.770
0.967 0.790
0.978 0.778
0.967 0.791
0.967 0.791
0.967 0.791
0.933 0.727
0.967 0.790
0.978 0.745
0.956 0.591
0.956 0.681
0.978 0.699
0.978 0.809
0.967 0.790
0.978 0.852
0.989 0.894
0.978 0.355
0.978 0.851
0.956 0.614
0.989 0.793
0.978 0.770
0.967 0.791
0.989 0.933
0.922 0.672
0.989 0.769
0.989 0.759
0.967 0.790
1.000 0.918
0.978 0.699
1.000 0.981
1.000 0.981
0.933 0.698
0.978 0.631
0.989 0.768
0.867 0.401
0.967 0.791
0.933 0.701
0.922 0.685
0.911 0.619
0.989 0.933
0.956 0.614
0.944 0.725
0.911 0.626
1.000 0.917
0.967 0.792
0.978 0.770
0.989 0.759
0.944 0.725
0.978 0.699
0.933 0.693
0.933 0.701
0.989 0.824
0.978 0.852
0.989 0.933
0.922 0.685
0.944 0.725
0.967 0.790
0.967 0.791
0.978 0.355
0.989 0.933
0.989 0.933
0.967 0.791
0.978 0.778
0.989 0.793
0.978 0.852
0.967 0.790
0.867 0.398
0.956 0.589
0.989 0.933
0.967 0.791
0.933 0.726
0.967 0.791
0.978 0.770
0.967 0.791
0.978 0.770
0.978 0.770
0.978 0.745
0.989 0.768
0.967 0.791
0.933 0.718
1.000 0.981
0.989 0.933
0.989 0.933
0.989 0.933
1.000 0.980
0.989 0.933
0.989 0.933
1.000 0.981
0.922 0.685
0.989 0.933
1.000 0.981
0.989 0.733
0.922 0.685
0.978 0.738
0.989 0.933
0.978 0.634
0.967 0.791
0.978 0.774
0.878 0.426
0.989 0.933
0.967 0.758
0.933 0.426
0.933 0.701
0.933 0.704
0.922 0.685
0.978 0.852
0.933 0.701
0.989 0.933
0.822 0.091
0.978 0.778
0.978 0.851
0.989 0.793
0.989 0.933
0.978 0.851
0.933 0.693
0.933 0.671
0.989 0.793
0.978 0.699
0.989 0.826
1.000 0.981
0.989 0.794
0.944 0.725
1.000 0.917
1.000 0.980
0.989 0.934
0.933 0.664
1.000 0.981
1.000 0.917
1.000 0.918
0.978 0.651
0.967 0.791
0.933 0.693
0.989 0.793
0.978 0.761
0.978 0.633
0.978 0.699
0.978 0.652
0.944 0.725
0.933 0.698
0.989 0.782
0.922 0.672
1.000 0.980
0.933 0.635
0.978 0.575
0.978 0.700
0.944 0.725
0.978 0.700
1.000 0.918
0.989 0.816
1.000 0.980
1.000 0.981
0.978 0.655
0.967 0.791
1.000 0.980
0.978 0.635
1.000 0.918
0.900 0.312
0.967 0.790
0.967 0.609
0.933 0.425
0.978 0.699
0.978 0.608
0.989 0.770
1.000 0.981
0.989 0.758
0.978 0.851
0.989 0.933
0.978 0.778
1.000 0.980
0.989 0.826
1.000 0.980
0.989 0.933
1.000 0.981
0.978 0.738
0.989 0.793
1.000 0.980
0.967 0.791
1.000 0.981
0.989 0.759
0.933 0.704
0.978 0.853
0.978 0.738
0.978 0.355
1.000 0.981
1.000 0.980
0.944 0.725
1.000 0.980
0.944 0.725
0.989 0.933
0.978 0.773
0.989 0.933
0.967 0.768
1.000 0.917
0.933 0.693
0.978 0.808
0.978 0.808
0.944 0.725
0.922 0.687
0.978 0.355
0.978 0.574
0.956 0.615
0.978 0.778
0.978 0.853
1.000 0.980
0.978 0.699
0.944 0.725
0.978 0.808
0.989 0.793
0.978 0.355
1.000 0.980
0.922 0.685
0.967 0.640
0.922 0.645
0.978 0.699
0.944 0.692
0.978 -1.000
0.978 0.778
0.978 0.770
0.978 0.778
0.989 0.724
0.989 0.825
0.956 0.614
0.978 0.852
0.944 0.725
1.000 0.980
0.944 0.725
1.000 0.981
0.944 0.737
0.989 0.793
0.933 0.635
0.933 0.649
0.989 0.729
0.944 0.725
0.989 0.826
0.978 0.761
0.922 0.684
1.000 0.982
1.000 0.917
0.911 0.625
0.978 0.778
0.989 0.792
0.922 0.526
0.989 0.727
0.922 0.671
1.000 0.980
1.000 0.981
1.000 0.918
1.000 0.980
0.978 0.761
0.867 0.394
0.989 0.789
0.989 0.892
0.978 0.699
0.978 0.778
0.956 0.613
0.956 0.613
0.944 0.630
0.989 0.823
0.989 0.793
0.989 0.933
0.989 0.934
0.978 0.853
0.978 0.778
0.989 0.725
0.933 0.644
0.956 0.689
0.989 0.792
0.967 0.790
1.000 0.981
0.944 0.725
0.933 0.473
0.978 0.767
0.989 0.933
1.000 0.981
0.978 0.774
0.967 0.779
0.978 0.853
0.989 0.769
0.978 0.608
1.000 0.980
1.000 0.980
1.000 0.981
1.000 0.981
0.978 0.853
0.989 0.825
0.989 0.726
0.933 0.667
1.000 0.980
1.000 0.980
0.989 0.933
1.000 0.981
0.956 0.615
0.978 0.761
0.922 0.655
0.989 0.825
0.944 0.725
0.944 0.725
0.989 0.933
0.956 0.615
1.000 0.981
1.000 0.917
0.978 0.761
1.000 0.980
0.967 0.757
0.978 0.608
0.967 0.791
0.922 0.527
0.989 0.793
1.000 0.980
1.000 0.981
0.933 0.693
0.889 0.350
0.978 0.738
0.989 0.933
1.000 0.981
0.933 0.727
0.944 0.725
0.944 0.762
0.978 0.761
0.978 0.700
0.989 0.793
0.922 0.673
0.978 0.771
0.944 0.507
1.000 0.980
0.922 0.655
0.956 0.730
0.989 0.933
0.944 0.692
0.978 0.761
0.922 0.684
0.944 0.692
1.000 0.981
0.989 0.669
0.978 0.741
0.989 0.827
0.989 0.933
0.944 0.725
0.922 0.534
0.822 0.090
0.978 0.577
1.000 0.980
0.944 0.736
0.944 0.692
0.944 0.725
0.922 0.655
0.978 0.853
1.000 0.981
0.956 0.615
0.989 0.827
0.944 0.763
0.967 0.765
1.000 0.981
0.978 0.761
0.978 0.770
0.978 0.741
0.944 0.725
1.000 0.981
0.989 0.724
1.000 0.980
0.978 0.852
0.944 0.725
0.989 0.806
0.933 0.646
0.911 0.625
0.978 0.832
0.922 0.658
0.989 0.933
0.989 0.933
1.000 0.981
0.989 0.724
0.967 0.581
1.000 0.981
0.989 0.793
1.000 0.982
0.989 0.825
1.000 0.980
0.978 0.761
0.956 0.614
0.978 0.852
1.000 0.981
1.000 0.917
1.000 0.980
0.989 0.726
0.978 0.761
0.989 0.934
0.967 0.769
0.922 0.655
0.989 0.825
0.989 0.727
0.933 0.703
0.944 0.692
0.944 0.725
0.967 0.763
0.989 0.794
0.967 0.764
0.922 0.659
0.989 0.933
