concord_type0 r2_type0
1.000 0.999
0.977 0.808
1.000 0.973
0.954 0.661
0.989 0.890
1.000 0.999
0.977 0.804
1.000 0.973
0.954 0.697
0.989 0.890
0.954 0.664
1.000 0.985
0.989 0.811
0.989 0.811
0.989 0.850
0.954 0.662
0.977 0.878
0.989 0.910
0.977 0.878
0.977 0.803
1.000 0.999
0.977 0.766
0.977 0.874
0.977 0.849
0.977 0.878
0.954 0.000
0.989 0.811
1.000 0.999
0.966 -1.000
0.989 0.849
1.000 0.999
0.954 0.663
0.954 0.004
0.966 0.825
1.000 0.999
0.989 0.910
0.989 0.746
1.000 0.973
1.000 0.999
1.000 0.999
0.989 0.910
0.989 0.930
1.000 0.999
0.977 0.841
0.977 0.928
0.954 0.685
1.000 0.999
1.000 0.973
0.977 0.669
0.885 0.593
1.000 0.985
0.989 0.850
0.989 0.810
1.000 0.973
0.966 0.787
0.977 0.800
0.977 0.878
0.977 0.878
0.989 0.863
0.977 0.846
1.000 0.999
1.000 0.999
0.989 0.819
1.000 0.985
1.000 0.973
1.000 0.999
0.977 0.846
1.000 0.985
0.977 0.878
0.977 0.878
1.000 0.973
0.989 0.756
0.954 0.685
1.000 0.973
1.000 0.999
0.989 0.910
0.977 0.874
0.989 0.848
0.989 0.801
0.977 0.878
1.000 0.999
0.977 0.878
0.977 0.871
0.989 0.848
0.966 0.665
1.000 0.999
0.989 0.910
1.000 0.985
0.989 0.850
1.000 0.999
0.874 0.559
0.989 0.850
1.000 0.985
0.989 0.851
0.966 0.817
0.977 0.874
0.989 0.910
0.966 0.798
0.977 0.874
0.989 0.910
0.989 0.863
0.977 0.673
0.989 0.910
1.000 0.974
1.000 0.985
0.989 0.930
0.989 0.820
0.977 0.878
1.000 0.973
0.977 0.878
0.977 0.878
0.977 0.878
0.989 0.890
0.977 0.878
0.989 0.790
0.954 0.663
0.966 0.742
0.977 0.800
0.977 0.871
0.977 0.878
0.977 0.927
0.989 0.930
0.977 0.395
0.977 0.928
0.954 0.686
0.989 0.850
0.989 0.819
0.977 0.878
1.000 0.975
0.977 0.799
0.989 0.802
0.989 0.793
0.977 0.878
1.000 0.985
0.977 0.801
1.000 0.999
1.000 0.999
0.977 0.846
0.977 0.680
0.989 0.802
0.874 0.561
0.977 0.878
0.977 0.850
0.977 0.874
0.966 0.789
1.000 0.974
0.966 0.684
0.989 0.910
0.966 0.797
1.000 0.985
0.977 0.878
0.989 0.819
0.989 0.793
0.989 0.910
0.977 0.801
0.977 0.838
0.977 0.850
0.989 0.880
0.977 0.928
1.000 0.973
0.977 0.874
0.989 0.910
0.977 0.878
0.977 0.878
0.977 0.396
1.000 0.974
1.000 0.973
0.977 0.878
1.000 0.975
0.989 0.850
0.977 0.928
0.977 0.878
0.874 0.559
0.954 0.663
1.000 0.973
0.977 0.878
0.989 0.890
0.977 0.878
0.989 0.820
0.977 0.878
0.989 0.820
0.989 0.820
0.989 0.789
0.989 0.802
0.977 0.878
0.977 0.865
1.000 0.999
1.000 0.974
1.000 0.973
1.000 0.973
1.000 0.999
1.000 0.972
1.000 0.975
1.000 0.999
0.977 0.874
1.000 0.974
1.000 0.999
0.989 0.768
0.977 0.874
0.989 0.772
1.000 0.974
0.977 0.675
0.977 0.878
0.989 0.820
0.885 0.594
1.000 0.974
0.966 0.823
0.931 0.471
0.977 0.850
0.977 0.849
0.977 0.874
0.977 0.928
0.977 0.850
1.000 0.973
0.828 0.103
1.000 0.974
0.977 0.928
0.989 0.848
1.000 0.973
0.977 0.928
0.977 0.838
0.977 0.821
0.989 0.851
0.977 0.801
0.989 0.880
1.000 0.999
0.989 0.857
0.989 0.910
1.000 0.985
1.000 0.999
1.000 0.974
0.977 0.816
1.000 0.999
1.000 0.985
1.000 0.985
0.977 0.695
0.977 0.878
0.977 0.838
0.989 0.851
0.989 0.810
0.977 0.679
0.977 0.801
0.977 0.694
0.989 0.910
0.977 0.847
0.989 0.804
0.977 0.799
1.000 0.999
0.977 0.766
0.977 0.588
0.977 0.801
0.989 0.910
0.977 0.800
1.000 0.985
0.989 0.869
1.000 0.999
1.000 0.999
0.989 0.881
0.977 0.878
1.000 0.999
0.977 0.676
1.000 0.985
0.908 0.339
0.977 0.878
0.977 0.637
0.931 0.471
0.977 0.800
0.977 0.643
0.989 0.802
1.000 0.999
0.989 0.793
0.977 0.928
1.000 0.973
1.000 0.974
1.000 0.999
0.989 0.882
1.000 0.999
1.000 0.974
1.000 0.999
0.989 0.771
0.989 0.851
1.000 0.999
0.977 0.878
1.000 0.999
0.989 0.793
0.977 0.849
0.977 0.928
0.989 0.771
0.977 0.395
1.000 0.999
1.000 0.999
0.989 0.910
1.000 0.999
0.989 0.910
1.000 0.972
0.989 0.818
1.000 0.973
0.977 0.841
1.000 0.985
0.977 0.838
0.977 0.871
0.977 0.871
0.989 0.910
0.977 0.797
0.977 0.395
0.977 0.603
0.954 0.685
1.000 0.974
0.977 0.928
1.000 0.999
0.977 0.800
0.989 0.910
0.977 0.871
0.989 0.851
0.977 0.395
1.000 0.999
0.977 0.874
0.989 0.768
0.966 0.769
0.977 0.801
0.989 0.829
0.966 -1.000
1.000 0.973
0.989 0.819
1.000 0.974
0.989 0.740
0.989 0.881
0.966 0.685
0.977 0.928
0.989 0.910
1.000 0.999
0.989 0.910
1.000 0.999
0.989 0.848
0.989 0.850
0.977 0.766
0.966 0.799
0.989 0.751
0.989 0.910
0.989 0.880
0.989 0.811
0.977 0.874
1.000 0.999
1.000 0.985
0.966 0.797
1.000 0.973
0.989 0.850
0.931 0.622
0.989 0.740
0.977 0.799
1.000 0.999
1.000 0.999
1.000 0.985
1.000 0.999
0.989 0.810
0.874 0.547
0.988 0.849
0.989 0.923
0.977 0.800
1.000 0.974
0.954 0.685
0.954 0.685
0.954 0.700
0.989 0.880
0.989 0.851
1.000 0.974
1.000 0.973
0.977 0.928
1.000 0.973
0.989 0.756
0.977 0.808
0.954 0.742
0.989 0.851
0.977 0.878
1.000 0.999
0.989 0.910
0.943 0.526
0.977 0.765
1.000 0.973
1.000 0.999
0.989 0.820
0.966 0.834
0.977 0.928
0.989 0.801
0.977 0.643
1.000 0.999
1.000 0.999
1.000 0.999
1.000 0.999
0.977 0.928
0.989 0.881
0.989 0.757
0.966 0.818
1.000 0.999
1.000 0.999
1.000 0.973
1.000 0.999
0.966 0.686
0.989 0.810
0.966 0.785
0.989 0.883
0.989 0.910
0.989 0.910
1.000 0.974
0.954 0.685
1.000 0.999
1.000 0.985
0.989 0.811
1.000 0.999
0.966 0.826
0.977 0.643
0.977 0.878
0.931 0.623
0.989 0.850
1.000 0.999
1.000 0.999
0.977 0.838
0.897 0.355
0.989 0.779
1.000 0.999
0.989 0.890
0.989 0.910
0.989 0.919
0.989 0.811
0.977 0.802
0.989 0.851
0.977 0.799
0.989 0.819
0.943 0.571
1.000 0.999
0.966 0.785
0.966 0.798
1.000 0.973
0.989 0.829
0.989 0.811
0.977 0.874
0.989 0.829
1.000 0.999
0.989 0.683
0.989 0.775
0.989 0.881
1.000 0.973
0.989 0.910
0.931 0.608
0.828 0.103
0.977 0.591
1.000 0.999
0.989 0.848
0.989 0.829
0.989 0.910
0.966 0.785
0.977 0.928
1.000 0.999
0.954 0.685
0.989 0.881
0.989 0.919
0.966 0.787
1.000 0.999
0.989 0.810
0.989 0.819
0.989 0.776
0.989 0.910
1.000 0.999
0.989 0.740
1.000 0.999
0.977 0.928
0.989 0.910
0.989 0.852
0.977 0.813
0.966 0.797
0.977 0.853
0.977 0.803
1.000 0.973
1.000 0.973
1.000 0.999
0.989 0.740
0.966 0.677
1.000 0.999
0.989 0.851
1.000 0.999
0.989 0.879
1.000 0.999
0.989 0.810
0.954 0.686
0.977 0.928
1.000 0.999
1.000 0.985
1.000 0.999
0.989 0.756
0.989 0.810
1.000 0.973
0.977 0.841
0.966 0.785
0.989 0.879
0.989 0.748
0.989 0.812
0.989 0.829
0.989 0.910
0.966 0.827
0.989 0.857
0.966 0.823
0.966 0.783
1.000 0.974
